start=1115.547767
edition=0
fullscreen=yes
brightness=-1
panscan=0.800000
